[[-1, 1]]
[[-1, 0], [-2, 1]]
[[-1, -1], [0, 0], [-3, 1], [-2, 2]]
[[-1, -2], [-2, -1], [-3, 0], [1, 0], [-4, 1], [0, 1], [-1, 2], [-2, 3]]
[[-1, -3], [0, -2], [-3, -1], [1, -1], [-2, 0], [2, 0], [-5, 1], [-4, 2], [0, 2], [-3, 3], [-2, 4]]
[[-1, -4], [-2, -3], [-3, -2], [1, -2], [-4, -1], [0, -1], [-5, 0], [3, 0], [-6, 1], [2, 1], [-3, 2], [1, 2], [-4, 3], [0, 3], [-1, 4], [-2, 5]]
[[-1, -5], [0, -4], [-3, -3], [1, -3], [-2, -2], [2, -2], [-5, -1], [3, -1], [-4, 0], [4, 0], [-7, 1], [1, 1], [-6, 2], [2, 2], [-5, 3], [-1, 3], [-4, 4], [0, 4], [-3, 5], [-2, 6]]
[[-1, -6], [-2, -5], [-3, -4], [1, -4], [-4, -3], [0, -3], [-5, -2], [3, -2], [-6, -1], [2, -1], [-7, 0], [5, 0], [-8, 1], [4, 1], [-5, 2], [3, 2], [-6, 3], [2, 3], [-3, 4], [1, 4], [-4, 5], [0, 5], [-1, 6], [-2, 7]]
[[-1, -7], [0, -6], [-3, -5], [1, -5], [-2, -4], [2, -4], [-5, -3], [3, -3], [-4, -2], [4, -2], [-7, -1], [5, -1], [-6, 0], [6, 0], [-9, 1], [3, 1], [-8, 2], [4, 2], [-7, 3], [1, 3], [-6, 4], [2, 4], [-5, 5], [-1, 5], [-4, 6], [0, 6], [-3, 7], [-2, 8]]
[[-1, -8], [-2, -7], [-3, -6], [1, -6], [-4, -5], [0, -5], [-5, -4], [3, -4], [-6, -3], [2, -3], [-7, -2], [5, -2], [-8, -1], [4, -1], [-9, 0], [7, 0], [-10, 1], [6, 1], [-7, 2], [5, 2], [-8, 3], [4, 3], [-5, 4], [3, 4], [-6, 5], [2, 5], [-3, 6], [1, 6], [-4, 7], [0, 7], [-1, 8], [-2, 9]]
[[-1, -9], [0, -8], [-3, -7], [1, -7], [-2, -6], [2, -6], [-5, -5], [3, -5], [-4, -4], [4, -4], [-7, -3], [5, -3], [-6, -2], [6, -2], [-9, -1], [7, -1], [-8, 0], [8, 0], [-11, 1], [5, 1], [-10, 2], [6, 2], [-9, 3], [3, 3], [-8, 4], [4, 4], [-7, 5], [1, 5], [-6, 6], [2, 6], [-5, 7], [-1, 7], [-4, 8], [0, 8], [-3, 9], [-2, 10]]
[[-1, -10], [-2, -9], [-3, -8], [1, -8], [-4, -7], [0, -7], [-5, -6], [3, -6], [-6, -5], [2, -5], [-7, -4], [5, -4], [-8, -3], [4, -3], [-9, -2], [7, -2], [-10, -1], [6, -1], [-11, 0], [9, 0], [-12, 1], [8, 1], [-9, 2], [7, 2], [-10, 3], [6, 3], [-7, 4], [5, 4], [-8, 5], [4, 5], [-5, 6], [3, 6], [-6, 7], [2, 7], [-3, 8], [1, 8], [-4, 9], [0, 9], [-1, 10], [-2, 11]]
[[-1, -11], [0, -10], [-3, -9], [1, -9], [-2, -8], [2, -8], [-5, -7], [3, -7], [-4, -6], [4, -6], [-7, -5], [5, -5], [-6, -4], [6, -4], [-9, -3], [7, -3], [-8, -2], [8, -2], [-11, -1], [9, -1], [-10, 0], [10, 0], [-13, 1], [7, 1], [-12, 2], [8, 2], [-11, 3], [5, 3], [-10, 4], [6, 4], [-9, 5], [3, 5], [-8, 6], [4, 6], [-7, 7], [1, 7], [-6, 8], [2, 8], [-5, 9], [-1, 9], [-4, 10], [0, 10], [-3, 11], [-2, 12]]
[[-1, -12], [-2, -11], [-3, -10], [1, -10], [-4, -9], [0, -9], [-5, -8], [3, -8], [-6, -7], [2, -7], [-7, -6], [5, -6], [-8, -5], [4, -5], [-9, -4], [7, -4], [-10, -3], [6, -3], [-11, -2], [9, -2], [-12, -1], [8, -1], [-13, 0], [11, 0], [-14, 1], [10, 1], [-11, 2], [9, 2], [-12, 3], [8, 3], [-9, 4], [7, 4], [-10, 5], [6, 5], [-7, 6], [5, 6], [-8, 7], [4, 7], [-5, 8], [3, 8], [-6, 9], [2, 9], [-3, 10], [1, 10], [-4, 11], [0, 11], [-1, 12], [-2, 13]]
[[-1, -13], [0, -12], [-3, -11], [1, -11], [-2, -10], [2, -10], [-5, -9], [3, -9], [-4, -8], [4, -8], [-7, -7], [5, -7], [-6, -6], [6, -6], [-9, -5], [7, -5], [-8, -4], [8, -4], [-11, -3], [9, -3], [-10, -2], [10, -2], [-13, -1], [11, -1], [-12, 0], [12, 0], [-15, 1], [9, 1], [-14, 2], [10, 2], [-13, 3], [7, 3], [-12, 4], [8, 4], [-11, 5], [5, 5], [-10, 6], [6, 6], [-9, 7], [3, 7], [-8, 8], [4, 8], [-7, 9], [1, 9], [-6, 10], [2, 10], [-5, 11], [-1, 11], [-4, 12], [0, 12], [-3, 13], [-2, 14]]
[[-1, -14], [-2, -13], [-3, -12], [1, -12], [-4, -11], [0, -11], [-5, -10], [3, -10], [-6, -9], [2, -9], [-7, -8], [5, -8], [-8, -7], [4, -7], [-9, -6], [7, -6], [-10, -5], [6, -5], [-11, -4], [9, -4], [-12, -3], [8, -3], [-13, -2], [11, -2], [-14, -1], [10, -1], [-15, 0], [13, 0], [-16, 1], [12, 1], [-13, 2], [11, 2], [-14, 3], [10, 3], [-11, 4], [9, 4], [-12, 5], [8, 5], [-9, 6], [7, 6], [-10, 7], [6, 7], [-7, 8], [5, 8], [-8, 9], [4, 9], [-5, 10], [3, 10], [-6, 11], [2, 11], [-3, 12], [1, 12], [-4, 13], [0, 13], [-1, 14], [-2, 15]]
[[-1, -15], [0, -14], [-3, -13], [1, -13], [-2, -12], [2, -12], [-5, -11], [3, -11], [-4, -10], [4, -10], [-7, -9], [5, -9], [-6, -8], [6, -8], [-9, -7], [7, -7], [-8, -6], [8, -6], [-11, -5], [9, -5], [-10, -4], [10, -4], [-13, -3], [11, -3], [-12, -2], [12, -2], [-15, -1], [13, -1], [-14, 0], [14, 0], [-17, 1], [11, 1], [-16, 2], [12, 2], [-15, 3], [9, 3], [-14, 4], [10, 4], [-13, 5], [7, 5], [-12, 6], [8, 6], [-11, 7], [5, 7], [-10, 8], [6, 8], [-9, 9], [3, 9], [-8, 10], [4, 10], [-7, 11], [1, 11], [-6, 12], [2, 12], [-5, 13], [-1, 13], [-4, 14], [0, 14], [-3, 15], [-2, 16]]
[[-1, -16], [-2, -15], [-3, -14], [1, -14], [-4, -13], [0, -13], [-5, -12], [3, -12], [-6, -11], [2, -11], [-7, -10], [5, -10], [-8, -9], [4, -9], [-9, -8], [7, -8], [-10, -7], [6, -7], [-11, -6], [9, -6], [-12, -5], [8, -5], [-13, -4], [11, -4], [-14, -3], [10, -3], [-15, -2], [13, -2], [-16, -1], [12, -1], [-17, 0], [15, 0], [-18, 1], [14, 1], [-15, 2], [13, 2], [-16, 3], [12, 3], [-13, 4], [11, 4], [-14, 5], [10, 5], [-11, 6], [9, 6], [-12, 7], [8, 7], [-9, 8], [7, 8], [-10, 9], [6, 9], [-7, 10], [5, 10], [-8, 11], [4, 11], [-5, 12], [3, 12], [-6, 13], [2, 13], [-3, 14], [1, 14], [-4, 15], [0, 15], [-1, 16], [-2, 17]]
[[-1, -17], [0, -16], [-3, -15], [1, -15], [-2, -14], [2, -14], [-5, -13], [3, -13], [-4, -12], [4, -12], [-7, -11], [5, -11], [-6, -10], [6, -10], [-9, -9], [7, -9], [-8, -8], [8, -8], [-11, -7], [9, -7], [-10, -6], [10, -6], [-13, -5], [11, -5], [-12, -4], [12, -4], [-15, -3], [13, -3], [-14, -2], [14, -2], [-17, -1], [15, -1], [-16, 0], [16, 0], [-19, 1], [13, 1], [-18, 2], [14, 2], [-17, 3], [11, 3], [-16, 4], [12, 4], [-15, 5], [9, 5], [-14, 6], [10, 6], [-13, 7], [7, 7], [-12, 8], [8, 8], [-11, 9], [5, 9], [-10, 10], [6, 10], [-9, 11], [3, 11], [-8, 12], [4, 12], [-7, 13], [1, 13], [-6, 14], [2, 14], [-5, 15], [-1, 15], [-4, 16], [0, 16], [-3, 17], [-2, 18]]
[[-1, -18], [-2, -17], [-3, -16], [1, -16], [-4, -15], [0, -15], [-5, -14], [3, -14], [-6, -13], [2, -13], [-7, -12], [5, -12], [-8, -11], [4, -11], [-9, -10], [7, -10], [-10, -9], [6, -9], [-11, -8], [9, -8], [-12, -7], [8, -7], [-13, -6], [11, -6], [-14, -5], [10, -5], [-15, -4], [13, -4], [-16, -3], [12, -3], [-17, -2], [15, -2], [-18, -1], [14, -1], [-19, 0], [17, 0], [-20, 1], [16, 1], [-17, 2], [15, 2], [-18, 3], [14, 3], [-15, 4], [13, 4], [-16, 5], [12, 5], [-13, 6], [11, 6], [-14, 7], [10, 7], [-11, 8], [9, 8], [-12, 9], [8, 9], [-9, 10], [7, 10], [-10, 11], [6, 11], [-7, 12], [5, 12], [-8, 13], [4, 13], [-5, 14], [3, 14], [-6, 15], [2, 15], [-3, 16], [1, 16], [-4, 17], [0, 17], [-1, 18], [-2, 19]]
[[-1, -19], [0, -18], [-3, -17], [1, -17], [-2, -16], [2, -16], [-5, -15], [3, -15], [-4, -14], [4, -14], [-7, -13], [5, -13], [-6, -12], [6, -12], [-9, -11], [7, -11], [-8, -10], [8, -10], [-11, -9], [9, -9], [-10, -8], [10, -8], [-13, -7], [11, -7], [-12, -6], [12, -6], [-15, -5], [13, -5], [-14, -4], [14, -4], [-17, -3], [15, -3], [-16, -2], [16, -2], [-19, -1], [17, -1], [-18, 0], [18, 0], [-21, 1], [15, 1], [-20, 2], [16, 2], [-19, 3], [13, 3], [-18, 4], [14, 4], [-17, 5], [11, 5], [-16, 6], [12, 6], [-15, 7], [9, 7], [-14, 8], [10, 8], [-13, 9], [7, 9], [-12, 10], [8, 10], [-11, 11], [5, 11], [-10, 12], [6, 12], [-9, 13], [3, 13], [-8, 14], [4, 14], [-7, 15], [1, 15], [-6, 16], [2, 16], [-5, 17], [-1, 17], [-4, 18], [0, 18], [-3, 19], [-2, 20]]
[[-1, -20], [-2, -19], [-3, -18], [1, -18], [-4, -17], [0, -17], [-5, -16], [3, -16], [-6, -15], [2, -15], [-7, -14], [5, -14], [-8, -13], [4, -13], [-9, -12], [7, -12], [-10, -11], [6, -11], [-11, -10], [9, -10], [-12, -9], [8, -9], [-13, -8], [11, -8], [-14, -7], [10, -7], [-15, -6], [13, -6], [-16, -5], [12, -5], [-17, -4], [15, -4], [-18, -3], [14, -3], [-19, -2], [17, -2], [-20, -1], [16, -1], [-21, 0], [19, 0], [-22, 1], [18, 1], [-19, 2], [17, 2], [-20, 3], [16, 3], [-17, 4], [15, 4], [-18, 5], [14, 5], [-15, 6], [13, 6], [-16, 7], [12, 7], [-13, 8], [11, 8], [-14, 9], [10, 9], [-11, 10], [9, 10], [-12, 11], [8, 11], [-9, 12], [7, 12], [-10, 13], [6, 13], [-7, 14], [5, 14], [-8, 15], [4, 15], [-5, 16], [3, 16], [-6, 17], [2, 17], [-3, 18], [1, 18], [-4, 19], [0, 19], [-1, 20], [-2, 21]]
[[-1, -21], [0, -20], [-3, -19], [1, -19], [-2, -18], [2, -18], [-5, -17], [3, -17], [-4, -16], [4, -16], [-7, -15], [5, -15], [-6, -14], [6, -14], [-9, -13], [7, -13], [-8, -12], [8, -12], [-11, -11], [9, -11], [-10, -10], [10, -10], [-13, -9], [11, -9], [-12, -8], [12, -8], [-15, -7], [13, -7], [-14, -6], [14, -6], [-17, -5], [15, -5], [-16, -4], [16, -4], [-19, -3], [17, -3], [-18, -2], [18, -2], [-21, -1], [19, -1], [-20, 0], [20, 0], [-23, 1], [17, 1], [-22, 2], [18, 2], [-21, 3], [15, 3], [-20, 4], [16, 4], [-19, 5], [13, 5], [-18, 6], [14, 6], [-17, 7], [11, 7], [-16, 8], [12, 8], [-15, 9], [9, 9], [-14, 10], [10, 10], [-13, 11], [7, 11], [-12, 12], [8, 12], [-11, 13], [5, 13], [-10, 14], [6, 14], [-9, 15], [3, 15], [-8, 16], [4, 16], [-7, 17], [1, 17], [-6, 18], [2, 18], [-5, 19], [-1, 19], [-4, 20], [0, 20], [-3, 21], [-2, 22]]
[[-1, -22], [-2, -21], [-3, -20], [1, -20], [-4, -19], [0, -19], [-5, -18], [3, -18], [-6, -17], [2, -17], [-7, -16], [5, -16], [-8, -15], [4, -15], [-9, -14], [7, -14], [-10, -13], [6, -13], [-11, -12], [9, -12], [-12, -11], [8, -11], [-13, -10], [11, -10], [-14, -9], [10, -9], [-15, -8], [13, -8], [-16, -7], [12, -7], [-17, -6], [15, -6], [-18, -5], [14, -5], [-19, -4], [17, -4], [-20, -3], [16, -3], [-21, -2], [19, -2], [-22, -1], [18, -1], [-23, 0], [21, 0], [-24, 1], [20, 1], [-21, 2], [19, 2], [-22, 3], [18, 3], [-19, 4], [17, 4], [-20, 5], [16, 5], [-17, 6], [15, 6], [-18, 7], [14, 7], [-15, 8], [13, 8], [-16, 9], [12, 9], [-13, 10], [11, 10], [-14, 11], [10, 11], [-11, 12], [9, 12], [-12, 13], [8, 13], [-9, 14], [7, 14], [-10, 15], [6, 15], [-7, 16], [5, 16], [-8, 17], [4, 17], [-5, 18], [3, 18], [-6, 19], [2, 19], [-3, 20], [1, 20], [-4, 21], [0, 21], [-1, 22], [-2, 23]]
[[-1, -23], [0, -22], [-3, -21], [1, -21], [-2, -20], [2, -20], [-5, -19], [3, -19], [-4, -18], [4, -18], [-7, -17], [5, -17], [-6, -16], [6, -16], [-9, -15], [7, -15], [-8, -14], [8, -14], [-11, -13], [9, -13], [-10, -12], [10, -12], [-13, -11], [11, -11], [-12, -10], [12, -10], [-15, -9], [13, -9], [-14, -8], [14, -8], [-17, -7], [15, -7], [-16, -6], [16, -6], [-19, -5], [17, -5], [-18, -4], [18, -4], [-21, -3], [19, -3], [-20, -2], [20, -2], [-23, -1], [21, -1], [-22, 0], [22, 0], [-25, 1], [19, 1], [-24, 2], [20, 2], [-23, 3], [17, 3], [-22, 4], [18, 4], [-21, 5], [15, 5], [-20, 6], [16, 6], [-19, 7], [13, 7], [-18, 8], [14, 8], [-17, 9], [11, 9], [-16, 10], [12, 10], [-15, 11], [9, 11], [-14, 12], [10, 12], [-13, 13], [7, 13], [-12, 14], [8, 14], [-11, 15], [5, 15], [-10, 16], [6, 16], [-9, 17], [3, 17], [-8, 18], [4, 18], [-7, 19], [1, 19], [-6, 20], [2, 20], [-5, 21], [-1, 21], [-4, 22], [0, 22], [-3, 23], [-2, 24]]
[[-1, -24], [-2, -23], [-3, -22], [1, -22], [-4, -21], [0, -21], [-5, -20], [3, -20], [-6, -19], [2, -19], [-7, -18], [5, -18], [-8, -17], [4, -17], [-9, -16], [7, -16], [-10, -15], [6, -15], [-11, -14], [9, -14], [-12, -13], [8, -13], [-13, -12], [11, -12], [-14, -11], [10, -11], [-15, -10], [13, -10], [-16, -9], [12, -9], [-17, -8], [15, -8], [-18, -7], [14, -7], [-19, -6], [17, -6], [-20, -5], [16, -5], [-21, -4], [19, -4], [-22, -3], [18, -3], [-23, -2], [21, -2], [-24, -1], [20, -1], [-25, 0], [23, 0], [-26, 1], [22, 1], [-23, 2], [21, 2], [-24, 3], [20, 3], [-21, 4], [19, 4], [-22, 5], [18, 5], [-19, 6], [17, 6], [-20, 7], [16, 7], [-17, 8], [15, 8], [-18, 9], [14, 9], [-15, 10], [13, 10], [-16, 11], [12, 11], [-13, 12], [11, 12], [-14, 13], [10, 13], [-11, 14], [9, 14], [-12, 15], [8, 15], [-9, 16], [7, 16], [-10, 17], [6, 17], [-7, 18], [5, 18], [-8, 19], [4, 19], [-5, 20], [3, 20], [-6, 21], [2, 21], [-3, 22], [1, 22], [-4, 23], [0, 23], [-1, 24], [-2, 25]]
[[-1, -25], [0, -24], [-3, -23], [1, -23], [-2, -22], [2, -22], [-5, -21], [3, -21], [-4, -20], [4, -20], [-7, -19], [5, -19], [-6, -18], [6, -18], [-9, -17], [7, -17], [-8, -16], [8, -16], [-11, -15], [9, -15], [-10, -14], [10, -14], [-13, -13], [11, -13], [-12, -12], [12, -12], [-15, -11], [13, -11], [-14, -10], [14, -10], [-17, -9], [15, -9], [-16, -8], [16, -8], [-19, -7], [17, -7], [-18, -6], [18, -6], [-21, -5], [19, -5], [-20, -4], [20, -4], [-23, -3], [21, -3], [-22, -2], [22, -2], [-25, -1], [23, -1], [-24, 0], [24, 0], [-27, 1], [21, 1], [-26, 2], [22, 2], [-25, 3], [19, 3], [-24, 4], [20, 4], [-23, 5], [17, 5], [-22, 6], [18, 6], [-21, 7], [15, 7], [-20, 8], [16, 8], [-19, 9], [13, 9], [-18, 10], [14, 10], [-17, 11], [11, 11], [-16, 12], [12, 12], [-15, 13], [9, 13], [-14, 14], [10, 14], [-13, 15], [7, 15], [-12, 16], [8, 16], [-11, 17], [5, 17], [-10, 18], [6, 18], [-9, 19], [3, 19], [-8, 20], [4, 20], [-7, 21], [1, 21], [-6, 22], [2, 22], [-5, 23], [-1, 23], [-4, 24], [0, 24], [-3, 25], [-2, 26]]
[[-1, -26], [-2, -25], [-3, -24], [1, -24], [-4, -23], [0, -23], [-5, -22], [3, -22], [-6, -21], [2, -21], [-7, -20], [5, -20], [-8, -19], [4, -19], [-9, -18], [7, -18], [-10, -17], [6, -17], [-11, -16], [9, -16], [-12, -15], [8, -15], [-13, -14], [11, -14], [-14, -13], [10, -13], [-15, -12], [13, -12], [-16, -11], [12, -11], [-17, -10], [15, -10], [-18, -9], [14, -9], [-19, -8], [17, -8], [-20, -7], [16, -7], [-21, -6], [19, -6], [-22, -5], [18, -5], [-23, -4], [21, -4], [-24, -3], [20, -3], [-25, -2], [23, -2], [-26, -1], [22, -1], [-27, 0], [25, 0], [-28, 1], [24, 1], [-25, 2], [23, 2], [-26, 3], [22, 3], [-23, 4], [21, 4], [-24, 5], [20, 5], [-21, 6], [19, 6], [-22, 7], [18, 7], [-19, 8], [17, 8], [-20, 9], [16, 9], [-17, 10], [15, 10], [-18, 11], [14, 11], [-15, 12], [13, 12], [-16, 13], [12, 13], [-13, 14], [11, 14], [-14, 15], [10, 15], [-11, 16], [9, 16], [-12, 17], [8, 17], [-9, 18], [7, 18], [-10, 19], [6, 19], [-7, 20], [5, 20], [-8, 21], [4, 21], [-5, 22], [3, 22], [-6, 23], [2, 23], [-3, 24], [1, 24], [-4, 25], [0, 25], [-1, 26], [-2, 27]]
[[-1, -27], [0, -26], [-3, -25], [1, -25], [-2, -24], [2, -24], [-5, -23], [3, -23], [-4, -22], [4, -22], [-7, -21], [5, -21], [-6, -20], [6, -20], [-9, -19], [7, -19], [-8, -18], [8, -18], [-11, -17], [9, -17], [-10, -16], [10, -16], [-13, -15], [11, -15], [-12, -14], [12, -14], [-15, -13], [13, -13], [-14, -12], [14, -12], [-17, -11], [15, -11], [-16, -10], [16, -10], [-19, -9], [17, -9], [-18, -8], [18, -8], [-21, -7], [19, -7], [-20, -6], [20, -6], [-23, -5], [21, -5], [-22, -4], [22, -4], [-25, -3], [23, -3], [-24, -2], [24, -2], [-27, -1], [25, -1], [-26, 0], [26, 0], [-29, 1], [23, 1], [-28, 2], [24, 2], [-27, 3], [21, 3], [-26, 4], [22, 4], [-25, 5], [19, 5], [-24, 6], [20, 6], [-23, 7], [17, 7], [-22, 8], [18, 8], [-21, 9], [15, 9], [-20, 10], [16, 10], [-19, 11], [13, 11], [-18, 12], [14, 12], [-17, 13], [11, 13], [-16, 14], [12, 14], [-15, 15], [9, 15], [-14, 16], [10, 16], [-13, 17], [7, 17], [-12, 18], [8, 18], [-11, 19], [5, 19], [-10, 20], [6, 20], [-9, 21], [3, 21], [-8, 22], [4, 22], [-7, 23], [1, 23], [-6, 24], [2, 24], [-5, 25], [-1, 25], [-4, 26], [0, 26], [-3, 27], [-2, 28]]
[[-1, -28], [-2, -27], [-3, -26], [1, -26], [-4, -25], [0, -25], [-5, -24], [3, -24], [-6, -23], [2, -23], [-7, -22], [5, -22], [-8, -21], [4, -21], [-9, -20], [7, -20], [-10, -19], [6, -19], [-11, -18], [9, -18], [-12, -17], [8, -17], [-13, -16], [11, -16], [-14, -15], [10, -15], [-15, -14], [13, -14], [-16, -13], [12, -13], [-17, -12], [15, -12], [-18, -11], [14, -11], [-19, -10], [17, -10], [-20, -9], [16, -9], [-21, -8], [19, -8], [-22, -7], [18, -7], [-23, -6], [21, -6], [-24, -5], [20, -5], [-25, -4], [23, -4], [-26, -3], [22, -3], [-27, -2], [25, -2], [-28, -1], [24, -1], [-29, 0], [27, 0], [-30, 1], [26, 1], [-27, 2], [25, 2], [-28, 3], [24, 3], [-25, 4], [23, 4], [-26, 5], [22, 5], [-23, 6], [21, 6], [-24, 7], [20, 7], [-21, 8], [19, 8], [-22, 9], [18, 9], [-19, 10], [17, 10], [-20, 11], [16, 11], [-17, 12], [15, 12], [-18, 13], [14, 13], [-15, 14], [13, 14], [-16, 15], [12, 15], [-13, 16], [11, 16], [-14, 17], [10, 17], [-11, 18], [9, 18], [-12, 19], [8, 19], [-9, 20], [7, 20], [-10, 21], [6, 21], [-7, 22], [5, 22], [-8, 23], [4, 23], [-5, 24], [3, 24], [-6, 25], [2, 25], [-3, 26], [1, 26], [-4, 27], [0, 27], [-1, 28], [-2, 29]]
[[-1, -29], [0, -28], [-3, -27], [1, -27], [-2, -26], [2, -26], [-5, -25], [3, -25], [-4, -24], [4, -24], [-7, -23], [5, -23], [-6, -22], [6, -22], [-9, -21], [7, -21], [-8, -20], [8, -20], [-11, -19], [9, -19], [-10, -18], [10, -18], [-13, -17], [11, -17], [-12, -16], [12, -16], [-15, -15], [13, -15], [-14, -14], [14, -14], [-17, -13], [15, -13], [-16, -12], [16, -12], [-19, -11], [17, -11], [-18, -10], [18, -10], [-21, -9], [19, -9], [-20, -8], [20, -8], [-23, -7], [21, -7], [-22, -6], [22, -6], [-25, -5], [23, -5], [-24, -4], [24, -4], [-27, -3], [25, -3], [-26, -2], [26, -2], [-29, -1], [27, -1], [-28, 0], [28, 0], [-31, 1], [25, 1], [-30, 2], [26, 2], [-29, 3], [23, 3], [-28, 4], [24, 4], [-27, 5], [21, 5], [-26, 6], [22, 6], [-25, 7], [19, 7], [-24, 8], [20, 8], [-23, 9], [17, 9], [-22, 10], [18, 10], [-21, 11], [15, 11], [-20, 12], [16, 12], [-19, 13], [13, 13], [-18, 14], [14, 14], [-17, 15], [11, 15], [-16, 16], [12, 16], [-15, 17], [9, 17], [-14, 18], [10, 18], [-13, 19], [7, 19], [-12, 20], [8, 20], [-11, 21], [5, 21], [-10, 22], [6, 22], [-9, 23], [3, 23], [-8, 24], [4, 24], [-7, 25], [1, 25], [-6, 26], [2, 26], [-5, 27], [-1, 27], [-4, 28], [0, 28], [-3, 29], [-2, 30]]
[[-1, -30], [-2, -29], [-3, -28], [1, -28], [-4, -27], [0, -27], [-5, -26], [3, -26], [-6, -25], [2, -25], [-7, -24], [5, -24], [-8, -23], [4, -23], [-9, -22], [7, -22], [-10, -21], [6, -21], [-11, -20], [9, -20], [-12, -19], [8, -19], [-13, -18], [11, -18], [-14, -17], [10, -17], [-15, -16], [13, -16], [-16, -15], [12, -15], [-17, -14], [15, -14], [-18, -13], [14, -13], [-19, -12], [17, -12], [-20, -11], [16, -11], [-21, -10], [19, -10], [-22, -9], [18, -9], [-23, -8], [21, -8], [-24, -7], [20, -7], [-25, -6], [23, -6], [-26, -5], [22, -5], [-27, -4], [25, -4], [-28, -3], [24, -3], [-29, -2], [27, -2], [-30, -1], [26, -1], [-31, 0], [29, 0], [-32, 1], [28, 1], [-29, 2], [27, 2], [-30, 3], [26, 3], [-27, 4], [25, 4], [-28, 5], [24, 5], [-25, 6], [23, 6], [-26, 7], [22, 7], [-23, 8], [21, 8], [-24, 9], [20, 9], [-21, 10], [19, 10], [-22, 11], [18, 11], [-19, 12], [17, 12], [-20, 13], [16, 13], [-17, 14], [15, 14], [-18, 15], [14, 15], [-15, 16], [13, 16], [-16, 17], [12, 17], [-13, 18], [11, 18], [-14, 19], [10, 19], [-11, 20], [9, 20], [-12, 21], [8, 21], [-9, 22], [7, 22], [-10, 23], [6, 23], [-7, 24], [5, 24], [-8, 25], [4, 25], [-5, 26], [3, 26], [-6, 27], [2, 27], [-3, 28], [1, 28], [-4, 29], [0, 29], [-1, 30], [-2, 31]]
[[-1, -31], [0, -30], [-3, -29], [1, -29], [-2, -28], [2, -28], [-5, -27], [3, -27], [-4, -26], [4, -26], [-7, -25], [5, -25], [-6, -24], [6, -24], [-9, -23], [7, -23], [-8, -22], [8, -22], [-11, -21], [9, -21], [-10, -20], [10, -20], [-13, -19], [11, -19], [-12, -18], [12, -18], [-15, -17], [13, -17], [-14, -16], [14, -16], [-17, -15], [15, -15], [-16, -14], [16, -14], [-19, -13], [17, -13], [-18, -12], [18, -12], [-21, -11], [19, -11], [-20, -10], [20, -10], [-23, -9], [21, -9], [-22, -8], [22, -8], [-25, -7], [23, -7], [-24, -6], [24, -6], [-27, -5], [25, -5], [-26, -4], [26, -4], [-29, -3], [27, -3], [-28, -2], [28, -2], [-31, -1], [29, -1], [-30, 0], [30, 0], [-33, 1], [27, 1], [-32, 2], [28, 2], [-31, 3], [25, 3], [-30, 4], [26, 4], [-29, 5], [23, 5], [-28, 6], [24, 6], [-27, 7], [21, 7], [-26, 8], [22, 8], [-25, 9], [19, 9], [-24, 10], [20, 10], [-23, 11], [17, 11], [-22, 12], [18, 12], [-21, 13], [15, 13], [-20, 14], [16, 14], [-19, 15], [13, 15], [-18, 16], [14, 16], [-17, 17], [11, 17], [-16, 18], [12, 18], [-15, 19], [9, 19], [-14, 20], [10, 20], [-13, 21], [7, 21], [-12, 22], [8, 22], [-11, 23], [5, 23], [-10, 24], [6, 24], [-9, 25], [3, 25], [-8, 26], [4, 26], [-7, 27], [1, 27], [-6, 28], [2, 28], [-5, 29], [-1, 29], [-4, 30], [0, 30], [-3, 31], [-2, 32]]
[[-1, -32], [-2, -31], [-3, -30], [1, -30], [-4, -29], [0, -29], [-5, -28], [3, -28], [-6, -27], [2, -27], [-7, -26], [5, -26], [-8, -25], [4, -25], [-9, -24], [7, -24], [-10, -23], [6, -23], [-11, -22], [9, -22], [-12, -21], [8, -21], [-13, -20], [11, -20], [-14, -19], [10, -19], [-15, -18], [13, -18], [-16, -17], [12, -17], [-17, -16], [15, -16], [-18, -15], [14, -15], [-19, -14], [17, -14], [-20, -13], [16, -13], [-21, -12], [19, -12], [-22, -11], [18, -11], [-23, -10], [21, -10], [-24, -9], [20, -9], [-25, -8], [23, -8], [-26, -7], [22, -7], [-27, -6], [25, -6], [-28, -5], [24, -5], [-29, -4], [27, -4], [-30, -3], [26, -3], [-31, -2], [29, -2], [-32, -1], [28, -1], [-33, 0], [31, 0], [-34, 1], [30, 1], [-31, 2], [29, 2], [-32, 3], [28, 3], [-29, 4], [27, 4], [-30, 5], [26, 5], [-27, 6], [25, 6], [-28, 7], [24, 7], [-25, 8], [23, 8], [-26, 9], [22, 9], [-23, 10], [21, 10], [-24, 11], [20, 11], [-21, 12], [19, 12], [-22, 13], [18, 13], [-19, 14], [17, 14], [-20, 15], [16, 15], [-17, 16], [15, 16], [-18, 17], [14, 17], [-15, 18], [13, 18], [-16, 19], [12, 19], [-13, 20], [11, 20], [-14, 21], [10, 21], [-11, 22], [9, 22], [-12, 23], [8, 23], [-9, 24], [7, 24], [-10, 25], [6, 25], [-7, 26], [5, 26], [-8, 27], [4, 27], [-5, 28], [3, 28], [-6, 29], [2, 29], [-3, 30], [1, 30], [-4, 31], [0, 31], [-1, 32], [-2, 33]]
[[-1, -33], [0, -32], [-3, -31], [1, -31], [-2, -30], [2, -30], [-5, -29], [3, -29], [-4, -28], [4, -28], [-7, -27], [5, -27], [-6, -26], [6, -26], [-9, -25], [7, -25], [-8, -24], [8, -24], [-11, -23], [9, -23], [-10, -22], [10, -22], [-13, -21], [11, -21], [-12, -20], [12, -20], [-15, -19], [13, -19], [-14, -18], [14, -18], [-17, -17], [15, -17], [-16, -16], [16, -16], [-19, -15], [17, -15], [-18, -14], [18, -14], [-21, -13], [19, -13], [-20, -12], [20, -12], [-23, -11], [21, -11], [-22, -10], [22, -10], [-25, -9], [23, -9], [-24, -8], [24, -8], [-27, -7], [25, -7], [-26, -6], [26, -6], [-29, -5], [27, -5], [-28, -4], [28, -4], [-31, -3], [29, -3], [-30, -2], [30, -2], [-33, -1], [31, -1], [-32, 0], [32, 0], [-35, 1], [29, 1], [-34, 2], [30, 2], [-33, 3], [27, 3], [-32, 4], [28, 4], [-31, 5], [25, 5], [-30, 6], [26, 6], [-29, 7], [23, 7], [-28, 8], [24, 8], [-27, 9], [21, 9], [-26, 10], [22, 10], [-25, 11], [19, 11], [-24, 12], [20, 12], [-23, 13], [17, 13], [-22, 14], [18, 14], [-21, 15], [15, 15], [-20, 16], [16, 16], [-19, 17], [13, 17], [-18, 18], [14, 18], [-17, 19], [11, 19], [-16, 20], [12, 20], [-15, 21], [9, 21], [-14, 22], [10, 22], [-13, 23], [7, 23], [-12, 24], [8, 24], [-11, 25], [5, 25], [-10, 26], [6, 26], [-9, 27], [3, 27], [-8, 28], [4, 28], [-7, 29], [1, 29], [-6, 30], [2, 30], [-5, 31], [-1, 31], [-4, 32], [0, 32], [-3, 33], [-2, 34]]
[[-1, -34], [-2, -33], [-3, -32], [1, -32], [-4, -31], [0, -31], [-5, -30], [3, -30], [-6, -29], [2, -29], [-7, -28], [5, -28], [-8, -27], [4, -27], [-9, -26], [7, -26], [-10, -25], [6, -25], [-11, -24], [9, -24], [-12, -23], [8, -23], [-13, -22], [11, -22], [-14, -21], [10, -21], [-15, -20], [13, -20], [-16, -19], [12, -19], [-17, -18], [15, -18], [-18, -17], [14, -17], [-19, -16], [17, -16], [-20, -15], [16, -15], [-21, -14], [19, -14], [-22, -13], [18, -13], [-23, -12], [21, -12], [-24, -11], [20, -11], [-25, -10], [23, -10], [-26, -9], [22, -9], [-27, -8], [25, -8], [-28, -7], [24, -7], [-29, -6], [27, -6], [-30, -5], [26, -5], [-31, -4], [29, -4], [-32, -3], [28, -3], [-33, -2], [31, -2], [-34, -1], [30, -1], [-35, 0], [33, 0], [-36, 1], [32, 1], [-33, 2], [31, 2], [-34, 3], [30, 3], [-31, 4], [29, 4], [-32, 5], [28, 5], [-29, 6], [27, 6], [-30, 7], [26, 7], [-27, 8], [25, 8], [-28, 9], [24, 9], [-25, 10], [23, 10], [-26, 11], [22, 11], [-23, 12], [21, 12], [-24, 13], [20, 13], [-21, 14], [19, 14], [-22, 15], [18, 15], [-19, 16], [17, 16], [-20, 17], [16, 17], [-17, 18], [15, 18], [-18, 19], [14, 19], [-15, 20], [13, 20], [-16, 21], [12, 21], [-13, 22], [11, 22], [-14, 23], [10, 23], [-11, 24], [9, 24], [-12, 25], [8, 25], [-9, 26], [7, 26], [-10, 27], [6, 27], [-7, 28], [5, 28], [-8, 29], [4, 29], [-5, 30], [3, 30], [-6, 31], [2, 31], [-3, 32], [1, 32], [-4, 33], [0, 33], [-1, 34], [-2, 35]]
[[-1, -35], [0, -34], [-3, -33], [1, -33], [-2, -32], [2, -32], [-5, -31], [3, -31], [-4, -30], [4, -30], [-7, -29], [5, -29], [-6, -28], [6, -28], [-9, -27], [7, -27], [-8, -26], [8, -26], [-11, -25], [9, -25], [-10, -24], [10, -24], [-13, -23], [11, -23], [-12, -22], [12, -22], [-15, -21], [13, -21], [-14, -20], [14, -20], [-17, -19], [15, -19], [-16, -18], [16, -18], [-19, -17], [17, -17], [-18, -16], [18, -16], [-21, -15], [19, -15], [-20, -14], [20, -14], [-23, -13], [21, -13], [-22, -12], [22, -12], [-25, -11], [23, -11], [-24, -10], [24, -10], [-27, -9], [25, -9], [-26, -8], [26, -8], [-29, -7], [27, -7], [-28, -6], [28, -6], [-31, -5], [29, -5], [-30, -4], [30, -4], [-33, -3], [31, -3], [-32, -2], [32, -2], [-35, -1], [33, -1], [-34, 0], [34, 0], [-37, 1], [31, 1], [-36, 2], [32, 2], [-35, 3], [29, 3], [-34, 4], [30, 4], [-33, 5], [27, 5], [-32, 6], [28, 6], [-31, 7], [25, 7], [-30, 8], [26, 8], [-29, 9], [23, 9], [-28, 10], [24, 10], [-27, 11], [21, 11], [-26, 12], [22, 12], [-25, 13], [19, 13], [-24, 14], [20, 14], [-23, 15], [17, 15], [-22, 16], [18, 16], [-21, 17], [15, 17], [-20, 18], [16, 18], [-19, 19], [13, 19], [-18, 20], [14, 20], [-17, 21], [11, 21], [-16, 22], [12, 22], [-15, 23], [9, 23], [-14, 24], [10, 24], [-13, 25], [7, 25], [-12, 26], [8, 26], [-11, 27], [5, 27], [-10, 28], [6, 28], [-9, 29], [3, 29], [-8, 30], [4, 30], [-7, 31], [1, 31], [-6, 32], [2, 32], [-5, 33], [-1, 33], [-4, 34], [0, 34], [-3, 35], [-2, 36]]
[[-1, -36], [-2, -35], [-3, -34], [1, -34], [-4, -33], [0, -33], [-5, -32], [3, -32], [-6, -31], [2, -31], [-7, -30], [5, -30], [-8, -29], [4, -29], [-9, -28], [7, -28], [-10, -27], [6, -27], [-11, -26], [9, -26], [-12, -25], [8, -25], [-13, -24], [11, -24], [-14, -23], [10, -23], [-15, -22], [13, -22], [-16, -21], [12, -21], [-17, -20], [15, -20], [-18, -19], [14, -19], [-19, -18], [17, -18], [-20, -17], [16, -17], [-21, -16], [19, -16], [-22, -15], [18, -15], [-23, -14], [21, -14], [-24, -13], [20, -13], [-25, -12], [23, -12], [-26, -11], [22, -11], [-27, -10], [25, -10], [-28, -9], [24, -9], [-29, -8], [27, -8], [-30, -7], [26, -7], [-31, -6], [29, -6], [-32, -5], [28, -5], [-33, -4], [31, -4], [-34, -3], [30, -3], [-35, -2], [33, -2], [-36, -1], [32, -1], [-37, 0], [35, 0], [-38, 1], [34, 1], [-35, 2], [33, 2], [-36, 3], [32, 3], [-33, 4], [31, 4], [-34, 5], [30, 5], [-31, 6], [29, 6], [-32, 7], [28, 7], [-29, 8], [27, 8], [-30, 9], [26, 9], [-27, 10], [25, 10], [-28, 11], [24, 11], [-25, 12], [23, 12], [-26, 13], [22, 13], [-23, 14], [21, 14], [-24, 15], [20, 15], [-21, 16], [19, 16], [-22, 17], [18, 17], [-19, 18], [17, 18], [-20, 19], [16, 19], [-17, 20], [15, 20], [-18, 21], [14, 21], [-15, 22], [13, 22], [-16, 23], [12, 23], [-13, 24], [11, 24], [-14, 25], [10, 25], [-11, 26], [9, 26], [-12, 27], [8, 27], [-9, 28], [7, 28], [-10, 29], [6, 29], [-7, 30], [5, 30], [-8, 31], [4, 31], [-5, 32], [3, 32], [-6, 33], [2, 33], [-3, 34], [1, 34], [-4, 35], [0, 35], [-1, 36], [-2, 37]]
[[-1, -37], [0, -36], [-3, -35], [1, -35], [-2, -34], [2, -34], [-5, -33], [3, -33], [-4, -32], [4, -32], [-7, -31], [5, -31], [-6, -30], [6, -30], [-9, -29], [7, -29], [-8, -28], [8, -28], [-11, -27], [9, -27], [-10, -26], [10, -26], [-13, -25], [11, -25], [-12, -24], [12, -24], [-15, -23], [13, -23], [-14, -22], [14, -22], [-17, -21], [15, -21], [-16, -20], [16, -20], [-19, -19], [17, -19], [-18, -18], [18, -18], [-21, -17], [19, -17], [-20, -16], [20, -16], [-23, -15], [21, -15], [-22, -14], [22, -14], [-25, -13], [23, -13], [-24, -12], [24, -12], [-27, -11], [25, -11], [-26, -10], [26, -10], [-29, -9], [27, -9], [-28, -8], [28, -8], [-31, -7], [29, -7], [-30, -6], [30, -6], [-33, -5], [31, -5], [-32, -4], [32, -4], [-35, -3], [33, -3], [-34, -2], [34, -2], [-37, -1], [35, -1], [-36, 0], [36, 0], [-39, 1], [33, 1], [-38, 2], [34, 2], [-37, 3], [31, 3], [-36, 4], [32, 4], [-35, 5], [29, 5], [-34, 6], [30, 6], [-33, 7], [27, 7], [-32, 8], [28, 8], [-31, 9], [25, 9], [-30, 10], [26, 10], [-29, 11], [23, 11], [-28, 12], [24, 12], [-27, 13], [21, 13], [-26, 14], [22, 14], [-25, 15], [19, 15], [-24, 16], [20, 16], [-23, 17], [17, 17], [-22, 18], [18, 18], [-21, 19], [15, 19], [-20, 20], [16, 20], [-19, 21], [13, 21], [-18, 22], [14, 22], [-17, 23], [11, 23], [-16, 24], [12, 24], [-15, 25], [9, 25], [-14, 26], [10, 26], [-13, 27], [7, 27], [-12, 28], [8, 28], [-11, 29], [5, 29], [-10, 30], [6, 30], [-9, 31], [3, 31], [-8, 32], [4, 32], [-7, 33], [1, 33], [-6, 34], [2, 34], [-5, 35], [-1, 35], [-4, 36], [0, 36], [-3, 37], [-2, 38]]
[[-1, -38], [-2, -37], [-3, -36], [1, -36], [-4, -35], [0, -35], [-5, -34], [3, -34], [-6, -33], [2, -33], [-7, -32], [5, -32], [-8, -31], [4, -31], [-9, -30], [7, -30], [-10, -29], [6, -29], [-11, -28], [9, -28], [-12, -27], [8, -27], [-13, -26], [11, -26], [-14, -25], [10, -25], [-15, -24], [13, -24], [-16, -23], [12, -23], [-17, -22], [15, -22], [-18, -21], [14, -21], [-19, -20], [17, -20], [-20, -19], [16, -19], [-21, -18], [19, -18], [-22, -17], [18, -17], [-23, -16], [21, -16], [-24, -15], [20, -15], [-25, -14], [23, -14], [-26, -13], [22, -13], [-27, -12], [25, -12], [-28, -11], [24, -11], [-29, -10], [27, -10], [-30, -9], [26, -9], [-31, -8], [29, -8], [-32, -7], [28, -7], [-33, -6], [31, -6], [-34, -5], [30, -5], [-35, -4], [33, -4], [-36, -3], [32, -3], [-37, -2], [35, -2], [-38, -1], [34, -1], [-39, 0], [37, 0], [-40, 1], [36, 1], [-37, 2], [35, 2], [-38, 3], [34, 3], [-35, 4], [33, 4], [-36, 5], [32, 5], [-33, 6], [31, 6], [-34, 7], [30, 7], [-31, 8], [29, 8], [-32, 9], [28, 9], [-29, 10], [27, 10], [-30, 11], [26, 11], [-27, 12], [25, 12], [-28, 13], [24, 13], [-25, 14], [23, 14], [-26, 15], [22, 15], [-23, 16], [21, 16], [-24, 17], [20, 17], [-21, 18], [19, 18], [-22, 19], [18, 19], [-19, 20], [17, 20], [-20, 21], [16, 21], [-17, 22], [15, 22], [-18, 23], [14, 23], [-15, 24], [13, 24], [-16, 25], [12, 25], [-13, 26], [11, 26], [-14, 27], [10, 27], [-11, 28], [9, 28], [-12, 29], [8, 29], [-9, 30], [7, 30], [-10, 31], [6, 31], [-7, 32], [5, 32], [-8, 33], [4, 33], [-5, 34], [3, 34], [-6, 35], [2, 35], [-3, 36], [1, 36], [-4, 37], [0, 37], [-1, 38], [-2, 39]]
[[-1, -39], [0, -38], [-3, -37], [1, -37], [-2, -36], [2, -36], [-5, -35], [3, -35], [-4, -34], [4, -34], [-7, -33], [5, -33], [-6, -32], [6, -32], [-9, -31], [7, -31], [-8, -30], [8, -30], [-11, -29], [9, -29], [-10, -28], [10, -28], [-13, -27], [11, -27], [-12, -26], [12, -26], [-15, -25], [13, -25], [-14, -24], [14, -24], [-17, -23], [15, -23], [-16, -22], [16, -22], [-19, -21], [17, -21], [-18, -20], [18, -20], [-21, -19], [19, -19], [-20, -18], [20, -18], [-23, -17], [21, -17], [-22, -16], [22, -16], [-25, -15], [23, -15], [-24, -14], [24, -14], [-27, -13], [25, -13], [-26, -12], [26, -12], [-29, -11], [27, -11], [-28, -10], [28, -10], [-31, -9], [29, -9], [-30, -8], [30, -8], [-33, -7], [31, -7], [-32, -6], [32, -6], [-35, -5], [33, -5], [-34, -4], [34, -4], [-37, -3], [35, -3], [-36, -2], [36, -2], [-39, -1], [37, -1], [-38, 0], [38, 0], [-41, 1], [35, 1], [-40, 2], [36, 2], [-39, 3], [33, 3], [-38, 4], [34, 4], [-37, 5], [31, 5], [-36, 6], [32, 6], [-35, 7], [29, 7], [-34, 8], [30, 8], [-33, 9], [27, 9], [-32, 10], [28, 10], [-31, 11], [25, 11], [-30, 12], [26, 12], [-29, 13], [23, 13], [-28, 14], [24, 14], [-27, 15], [21, 15], [-26, 16], [22, 16], [-25, 17], [19, 17], [-24, 18], [20, 18], [-23, 19], [17, 19], [-22, 20], [18, 20], [-21, 21], [15, 21], [-20, 22], [16, 22], [-19, 23], [13, 23], [-18, 24], [14, 24], [-17, 25], [11, 25], [-16, 26], [12, 26], [-15, 27], [9, 27], [-14, 28], [10, 28], [-13, 29], [7, 29], [-12, 30], [8, 30], [-11, 31], [5, 31], [-10, 32], [6, 32], [-9, 33], [3, 33], [-8, 34], [4, 34], [-7, 35], [1, 35], [-6, 36], [2, 36], [-5, 37], [-1, 37], [-4, 38], [0, 38], [-3, 39], [-2, 40]]
[[-1, -40], [-2, -39], [-3, -38], [1, -38], [-4, -37], [0, -37], [-5, -36], [3, -36], [-6, -35], [2, -35], [-7, -34], [5, -34], [-8, -33], [4, -33], [-9, -32], [7, -32], [-10, -31], [6, -31], [-11, -30], [9, -30], [-12, -29], [8, -29], [-13, -28], [11, -28], [-14, -27], [10, -27], [-15, -26], [13, -26], [-16, -25], [12, -25], [-17, -24], [15, -24], [-18, -23], [14, -23], [-19, -22], [17, -22], [-20, -21], [16, -21], [-21, -20], [19, -20], [-22, -19], [18, -19], [-23, -18], [21, -18], [-24, -17], [20, -17], [-25, -16], [23, -16], [-26, -15], [22, -15], [-27, -14], [25, -14], [-28, -13], [24, -13], [-29, -12], [27, -12], [-30, -11], [26, -11], [-31, -10], [29, -10], [-32, -9], [28, -9], [-33, -8], [31, -8], [-34, -7], [30, -7], [-35, -6], [33, -6], [-36, -5], [32, -5], [-37, -4], [35, -4], [-38, -3], [34, -3], [-39, -2], [37, -2], [-40, -1], [36, -1], [-41, 0], [39, 0], [-42, 1], [38, 1], [-39, 2], [37, 2], [-40, 3], [36, 3], [-37, 4], [35, 4], [-38, 5], [34, 5], [-35, 6], [33, 6], [-36, 7], [32, 7], [-33, 8], [31, 8], [-34, 9], [30, 9], [-31, 10], [29, 10], [-32, 11], [28, 11], [-29, 12], [27, 12], [-30, 13], [26, 13], [-27, 14], [25, 14], [-28, 15], [24, 15], [-25, 16], [23, 16], [-26, 17], [22, 17], [-23, 18], [21, 18], [-24, 19], [20, 19], [-21, 20], [19, 20], [-22, 21], [18, 21], [-19, 22], [17, 22], [-20, 23], [16, 23], [-17, 24], [15, 24], [-18, 25], [14, 25], [-15, 26], [13, 26], [-16, 27], [12, 27], [-13, 28], [11, 28], [-14, 29], [10, 29], [-11, 30], [9, 30], [-12, 31], [8, 31], [-9, 32], [7, 32], [-10, 33], [6, 33], [-7, 34], [5, 34], [-8, 35], [4, 35], [-5, 36], [3, 36], [-6, 37], [2, 37], [-3, 38], [1, 38], [-4, 39], [0, 39], [-1, 40], [-2, 41]]
[[-1, -41], [0, -40], [-3, -39], [1, -39], [-2, -38], [2, -38], [-5, -37], [3, -37], [-4, -36], [4, -36], [-7, -35], [5, -35], [-6, -34], [6, -34], [-9, -33], [7, -33], [-8, -32], [8, -32], [-11, -31], [9, -31], [-10, -30], [10, -30], [-13, -29], [11, -29], [-12, -28], [12, -28], [-15, -27], [13, -27], [-14, -26], [14, -26], [-17, -25], [15, -25], [-16, -24], [16, -24], [-19, -23], [17, -23], [-18, -22], [18, -22], [-21, -21], [19, -21], [-20, -20], [20, -20], [-23, -19], [21, -19], [-22, -18], [22, -18], [-25, -17], [23, -17], [-24, -16], [24, -16], [-27, -15], [25, -15], [-26, -14], [26, -14], [-29, -13], [27, -13], [-28, -12], [28, -12], [-31, -11], [29, -11], [-30, -10], [30, -10], [-33, -9], [31, -9], [-32, -8], [32, -8], [-35, -7], [33, -7], [-34, -6], [34, -6], [-37, -5], [35, -5], [-36, -4], [36, -4], [-39, -3], [37, -3], [-38, -2], [38, -2], [-41, -1], [39, -1], [-40, 0], [40, 0], [-43, 1], [37, 1], [-42, 2], [38, 2], [-41, 3], [35, 3], [-40, 4], [36, 4], [-39, 5], [33, 5], [-38, 6], [34, 6], [-37, 7], [31, 7], [-36, 8], [32, 8], [-35, 9], [29, 9], [-34, 10], [30, 10], [-33, 11], [27, 11], [-32, 12], [28, 12], [-31, 13], [25, 13], [-30, 14], [26, 14], [-29, 15], [23, 15], [-28, 16], [24, 16], [-27, 17], [21, 17], [-26, 18], [22, 18], [-25, 19], [19, 19], [-24, 20], [20, 20], [-23, 21], [17, 21], [-22, 22], [18, 22], [-21, 23], [15, 23], [-20, 24], [16, 24], [-19, 25], [13, 25], [-18, 26], [14, 26], [-17, 27], [11, 27], [-16, 28], [12, 28], [-15, 29], [9, 29], [-14, 30], [10, 30], [-13, 31], [7, 31], [-12, 32], [8, 32], [-11, 33], [5, 33], [-10, 34], [6, 34], [-9, 35], [3, 35], [-8, 36], [4, 36], [-7, 37], [1, 37], [-6, 38], [2, 38], [-5, 39], [-1, 39], [-4, 40], [0, 40], [-3, 41], [-2, 42]]
[[-1, -42], [-2, -41], [-3, -40], [1, -40], [-4, -39], [0, -39], [-5, -38], [3, -38], [-6, -37], [2, -37], [-7, -36], [5, -36], [-8, -35], [4, -35], [-9, -34], [7, -34], [-10, -33], [6, -33], [-11, -32], [9, -32], [-12, -31], [8, -31], [-13, -30], [11, -30], [-14, -29], [10, -29], [-15, -28], [13, -28], [-16, -27], [12, -27], [-17, -26], [15, -26], [-18, -25], [14, -25], [-19, -24], [17, -24], [-20, -23], [16, -23], [-21, -22], [19, -22], [-22, -21], [18, -21], [-23, -20], [21, -20], [-24, -19], [20, -19], [-25, -18], [23, -18], [-26, -17], [22, -17], [-27, -16], [25, -16], [-28, -15], [24, -15], [-29, -14], [27, -14], [-30, -13], [26, -13], [-31, -12], [29, -12], [-32, -11], [28, -11], [-33, -10], [31, -10], [-34, -9], [30, -9], [-35, -8], [33, -8], [-36, -7], [32, -7], [-37, -6], [35, -6], [-38, -5], [34, -5], [-39, -4], [37, -4], [-40, -3], [36, -3], [-41, -2], [39, -2], [-42, -1], [38, -1], [-43, 0], [41, 0], [-44, 1], [40, 1], [-41, 2], [39, 2], [-42, 3], [38, 3], [-39, 4], [37, 4], [-40, 5], [36, 5], [-37, 6], [35, 6], [-38, 7], [34, 7], [-35, 8], [33, 8], [-36, 9], [32, 9], [-33, 10], [31, 10], [-34, 11], [30, 11], [-31, 12], [29, 12], [-32, 13], [28, 13], [-29, 14], [27, 14], [-30, 15], [26, 15], [-27, 16], [25, 16], [-28, 17], [24, 17], [-25, 18], [23, 18], [-26, 19], [22, 19], [-23, 20], [21, 20], [-24, 21], [20, 21], [-21, 22], [19, 22], [-22, 23], [18, 23], [-19, 24], [17, 24], [-20, 25], [16, 25], [-17, 26], [15, 26], [-18, 27], [14, 27], [-15, 28], [13, 28], [-16, 29], [12, 29], [-13, 30], [11, 30], [-14, 31], [10, 31], [-11, 32], [9, 32], [-12, 33], [8, 33], [-9, 34], [7, 34], [-10, 35], [6, 35], [-7, 36], [5, 36], [-8, 37], [4, 37], [-5, 38], [3, 38], [-6, 39], [2, 39], [-3, 40], [1, 40], [-4, 41], [0, 41], [-1, 42], [-2, 43]]
[[-1, -43], [0, -42], [-3, -41], [1, -41], [-2, -40], [2, -40], [-5, -39], [3, -39], [-4, -38], [4, -38], [-7, -37], [5, -37], [-6, -36], [6, -36], [-9, -35], [7, -35], [-8, -34], [8, -34], [-11, -33], [9, -33], [-10, -32], [10, -32], [-13, -31], [11, -31], [-12, -30], [12, -30], [-15, -29], [13, -29], [-14, -28], [14, -28], [-17, -27], [15, -27], [-16, -26], [16, -26], [-19, -25], [17, -25], [-18, -24], [18, -24], [-21, -23], [19, -23], [-20, -22], [20, -22], [-23, -21], [21, -21], [-22, -20], [22, -20], [-25, -19], [23, -19], [-24, -18], [24, -18], [-27, -17], [25, -17], [-26, -16], [26, -16], [-29, -15], [27, -15], [-28, -14], [28, -14], [-31, -13], [29, -13], [-30, -12], [30, -12], [-33, -11], [31, -11], [-32, -10], [32, -10], [-35, -9], [33, -9], [-34, -8], [34, -8], [-37, -7], [35, -7], [-36, -6], [36, -6], [-39, -5], [37, -5], [-38, -4], [38, -4], [-41, -3], [39, -3], [-40, -2], [40, -2], [-43, -1], [41, -1], [-42, 0], [42, 0], [-45, 1], [39, 1], [-44, 2], [40, 2], [-43, 3], [37, 3], [-42, 4], [38, 4], [-41, 5], [35, 5], [-40, 6], [36, 6], [-39, 7], [33, 7], [-38, 8], [34, 8], [-37, 9], [31, 9], [-36, 10], [32, 10], [-35, 11], [29, 11], [-34, 12], [30, 12], [-33, 13], [27, 13], [-32, 14], [28, 14], [-31, 15], [25, 15], [-30, 16], [26, 16], [-29, 17], [23, 17], [-28, 18], [24, 18], [-27, 19], [21, 19], [-26, 20], [22, 20], [-25, 21], [19, 21], [-24, 22], [20, 22], [-23, 23], [17, 23], [-22, 24], [18, 24], [-21, 25], [15, 25], [-20, 26], [16, 26], [-19, 27], [13, 27], [-18, 28], [14, 28], [-17, 29], [11, 29], [-16, 30], [12, 30], [-15, 31], [9, 31], [-14, 32], [10, 32], [-13, 33], [7, 33], [-12, 34], [8, 34], [-11, 35], [5, 35], [-10, 36], [6, 36], [-9, 37], [3, 37], [-8, 38], [4, 38], [-7, 39], [1, 39], [-6, 40], [2, 40], [-5, 41], [-1, 41], [-4, 42], [0, 42], [-3, 43], [-2, 44]]
[[-1, -44], [-2, -43], [-3, -42], [1, -42], [-4, -41], [0, -41], [-5, -40], [3, -40], [-6, -39], [2, -39], [-7, -38], [5, -38], [-8, -37], [4, -37], [-9, -36], [7, -36], [-10, -35], [6, -35], [-11, -34], [9, -34], [-12, -33], [8, -33], [-13, -32], [11, -32], [-14, -31], [10, -31], [-15, -30], [13, -30], [-16, -29], [12, -29], [-17, -28], [15, -28], [-18, -27], [14, -27], [-19, -26], [17, -26], [-20, -25], [16, -25], [-21, -24], [19, -24], [-22, -23], [18, -23], [-23, -22], [21, -22], [-24, -21], [20, -21], [-25, -20], [23, -20], [-26, -19], [22, -19], [-27, -18], [25, -18], [-28, -17], [24, -17], [-29, -16], [27, -16], [-30, -15], [26, -15], [-31, -14], [29, -14], [-32, -13], [28, -13], [-33, -12], [31, -12], [-34, -11], [30, -11], [-35, -10], [33, -10], [-36, -9], [32, -9], [-37, -8], [35, -8], [-38, -7], [34, -7], [-39, -6], [37, -6], [-40, -5], [36, -5], [-41, -4], [39, -4], [-42, -3], [38, -3], [-43, -2], [41, -2], [-44, -1], [40, -1], [-45, 0], [43, 0], [-46, 1], [42, 1], [-43, 2], [41, 2], [-44, 3], [40, 3], [-41, 4], [39, 4], [-42, 5], [38, 5], [-39, 6], [37, 6], [-40, 7], [36, 7], [-37, 8], [35, 8], [-38, 9], [34, 9], [-35, 10], [33, 10], [-36, 11], [32, 11], [-33, 12], [31, 12], [-34, 13], [30, 13], [-31, 14], [29, 14], [-32, 15], [28, 15], [-29, 16], [27, 16], [-30, 17], [26, 17], [-27, 18], [25, 18], [-28, 19], [24, 19], [-25, 20], [23, 20], [-26, 21], [22, 21], [-23, 22], [21, 22], [-24, 23], [20, 23], [-21, 24], [19, 24], [-22, 25], [18, 25], [-19, 26], [17, 26], [-20, 27], [16, 27], [-17, 28], [15, 28], [-18, 29], [14, 29], [-15, 30], [13, 30], [-16, 31], [12, 31], [-13, 32], [11, 32], [-14, 33], [10, 33], [-11, 34], [9, 34], [-12, 35], [8, 35], [-9, 36], [7, 36], [-10, 37], [6, 37], [-7, 38], [5, 38], [-8, 39], [4, 39], [-5, 40], [3, 40], [-6, 41], [2, 41], [-3, 42], [1, 42], [-4, 43], [0, 43], [-1, 44], [-2, 45]]
[[-1, -45], [0, -44], [-3, -43], [1, -43], [-2, -42], [2, -42], [-5, -41], [3, -41], [-4, -40], [4, -40], [-7, -39], [5, -39], [-6, -38], [6, -38], [-9, -37], [7, -37], [-8, -36], [8, -36], [-11, -35], [9, -35], [-10, -34], [10, -34], [-13, -33], [11, -33], [-12, -32], [12, -32], [-15, -31], [13, -31], [-14, -30], [14, -30], [-17, -29], [15, -29], [-16, -28], [16, -28], [-19, -27], [17, -27], [-18, -26], [18, -26], [-21, -25], [19, -25], [-20, -24], [20, -24], [-23, -23], [21, -23], [-22, -22], [22, -22], [-25, -21], [23, -21], [-24, -20], [24, -20], [-27, -19], [25, -19], [-26, -18], [26, -18], [-29, -17], [27, -17], [-28, -16], [28, -16], [-31, -15], [29, -15], [-30, -14], [30, -14], [-33, -13], [31, -13], [-32, -12], [32, -12], [-35, -11], [33, -11], [-34, -10], [34, -10], [-37, -9], [35, -9], [-36, -8], [36, -8], [-39, -7], [37, -7], [-38, -6], [38, -6], [-41, -5], [39, -5], [-40, -4], [40, -4], [-43, -3], [41, -3], [-42, -2], [42, -2], [-45, -1], [43, -1], [-44, 0], [44, 0], [-47, 1], [41, 1], [-46, 2], [42, 2], [-45, 3], [39, 3], [-44, 4], [40, 4], [-43, 5], [37, 5], [-42, 6], [38, 6], [-41, 7], [35, 7], [-40, 8], [36, 8], [-39, 9], [33, 9], [-38, 10], [34, 10], [-37, 11], [31, 11], [-36, 12], [32, 12], [-35, 13], [29, 13], [-34, 14], [30, 14], [-33, 15], [27, 15], [-32, 16], [28, 16], [-31, 17], [25, 17], [-30, 18], [26, 18], [-29, 19], [23, 19], [-28, 20], [24, 20], [-27, 21], [21, 21], [-26, 22], [22, 22], [-25, 23], [19, 23], [-24, 24], [20, 24], [-23, 25], [17, 25], [-22, 26], [18, 26], [-21, 27], [15, 27], [-20, 28], [16, 28], [-19, 29], [13, 29], [-18, 30], [14, 30], [-17, 31], [11, 31], [-16, 32], [12, 32], [-15, 33], [9, 33], [-14, 34], [10, 34], [-13, 35], [7, 35], [-12, 36], [8, 36], [-11, 37], [5, 37], [-10, 38], [6, 38], [-9, 39], [3, 39], [-8, 40], [4, 40], [-7, 41], [1, 41], [-6, 42], [2, 42], [-5, 43], [-1, 43], [-4, 44], [0, 44], [-3, 45], [-2, 46]]
[[-1, -46], [-2, -45], [-3, -44], [1, -44], [-4, -43], [0, -43], [-5, -42], [3, -42], [-6, -41], [2, -41], [-7, -40], [5, -40], [-8, -39], [4, -39], [-9, -38], [7, -38], [-10, -37], [6, -37], [-11, -36], [9, -36], [-12, -35], [8, -35], [-13, -34], [11, -34], [-14, -33], [10, -33], [-15, -32], [13, -32], [-16, -31], [12, -31], [-17, -30], [15, -30], [-18, -29], [14, -29], [-19, -28], [17, -28], [-20, -27], [16, -27], [-21, -26], [19, -26], [-22, -25], [18, -25], [-23, -24], [21, -24], [-24, -23], [20, -23], [-25, -22], [23, -22], [-26, -21], [22, -21], [-27, -20], [25, -20], [-28, -19], [24, -19], [-29, -18], [27, -18], [-30, -17], [26, -17], [-31, -16], [29, -16], [-32, -15], [28, -15], [-33, -14], [31, -14], [-34, -13], [30, -13], [-35, -12], [33, -12], [-36, -11], [32, -11], [-37, -10], [35, -10], [-38, -9], [34, -9], [-39, -8], [37, -8], [-40, -7], [36, -7], [-41, -6], [39, -6], [-42, -5], [38, -5], [-43, -4], [41, -4], [-44, -3], [40, -3], [-45, -2], [43, -2], [-46, -1], [42, -1], [-47, 0], [45, 0], [-48, 1], [44, 1], [-45, 2], [43, 2], [-46, 3], [42, 3], [-43, 4], [41, 4], [-44, 5], [40, 5], [-41, 6], [39, 6], [-42, 7], [38, 7], [-39, 8], [37, 8], [-40, 9], [36, 9], [-37, 10], [35, 10], [-38, 11], [34, 11], [-35, 12], [33, 12], [-36, 13], [32, 13], [-33, 14], [31, 14], [-34, 15], [30, 15], [-31, 16], [29, 16], [-32, 17], [28, 17], [-29, 18], [27, 18], [-30, 19], [26, 19], [-27, 20], [25, 20], [-28, 21], [24, 21], [-25, 22], [23, 22], [-26, 23], [22, 23], [-23, 24], [21, 24], [-24, 25], [20, 25], [-21, 26], [19, 26], [-22, 27], [18, 27], [-19, 28], [17, 28], [-20, 29], [16, 29], [-17, 30], [15, 30], [-18, 31], [14, 31], [-15, 32], [13, 32], [-16, 33], [12, 33], [-13, 34], [11, 34], [-14, 35], [10, 35], [-11, 36], [9, 36], [-12, 37], [8, 37], [-9, 38], [7, 38], [-10, 39], [6, 39], [-7, 40], [5, 40], [-8, 41], [4, 41], [-5, 42], [3, 42], [-6, 43], [2, 43], [-3, 44], [1, 44], [-4, 45], [0, 45], [-1, 46], [-2, 47]]
[[-1, -47], [0, -46], [-3, -45], [1, -45], [-2, -44], [2, -44], [-5, -43], [3, -43], [-4, -42], [4, -42], [-7, -41], [5, -41], [-6, -40], [6, -40], [-9, -39], [7, -39], [-8, -38], [8, -38], [-11, -37], [9, -37], [-10, -36], [10, -36], [-13, -35], [11, -35], [-12, -34], [12, -34], [-15, -33], [13, -33], [-14, -32], [14, -32], [-17, -31], [15, -31], [-16, -30], [16, -30], [-19, -29], [17, -29], [-18, -28], [18, -28], [-21, -27], [19, -27], [-20, -26], [20, -26], [-23, -25], [21, -25], [-22, -24], [22, -24], [-25, -23], [23, -23], [-24, -22], [24, -22], [-27, -21], [25, -21], [-26, -20], [26, -20], [-29, -19], [27, -19], [-28, -18], [28, -18], [-31, -17], [29, -17], [-30, -16], [30, -16], [-33, -15], [31, -15], [-32, -14], [32, -14], [-35, -13], [33, -13], [-34, -12], [34, -12], [-37, -11], [35, -11], [-36, -10], [36, -10], [-39, -9], [37, -9], [-38, -8], [38, -8], [-41, -7], [39, -7], [-40, -6], [40, -6], [-43, -5], [41, -5], [-42, -4], [42, -4], [-45, -3], [43, -3], [-44, -2], [44, -2], [-47, -1], [45, -1], [-46, 0], [46, 0], [-49, 1], [43, 1], [-48, 2], [44, 2], [-47, 3], [41, 3], [-46, 4], [42, 4], [-45, 5], [39, 5], [-44, 6], [40, 6], [-43, 7], [37, 7], [-42, 8], [38, 8], [-41, 9], [35, 9], [-40, 10], [36, 10], [-39, 11], [33, 11], [-38, 12], [34, 12], [-37, 13], [31, 13], [-36, 14], [32, 14], [-35, 15], [29, 15], [-34, 16], [30, 16], [-33, 17], [27, 17], [-32, 18], [28, 18], [-31, 19], [25, 19], [-30, 20], [26, 20], [-29, 21], [23, 21], [-28, 22], [24, 22], [-27, 23], [21, 23], [-26, 24], [22, 24], [-25, 25], [19, 25], [-24, 26], [20, 26], [-23, 27], [17, 27], [-22, 28], [18, 28], [-21, 29], [15, 29], [-20, 30], [16, 30], [-19, 31], [13, 31], [-18, 32], [14, 32], [-17, 33], [11, 33], [-16, 34], [12, 34], [-15, 35], [9, 35], [-14, 36], [10, 36], [-13, 37], [7, 37], [-12, 38], [8, 38], [-11, 39], [5, 39], [-10, 40], [6, 40], [-9, 41], [3, 41], [-8, 42], [4, 42], [-7, 43], [1, 43], [-6, 44], [2, 44], [-5, 45], [-1, 45], [-4, 46], [0, 46], [-3, 47], [-2, 48]]
[[-1, -48], [-2, -47], [-3, -46], [1, -46], [-4, -45], [0, -45], [-5, -44], [3, -44], [-6, -43], [2, -43], [-7, -42], [5, -42], [-8, -41], [4, -41], [-9, -40], [7, -40], [-10, -39], [6, -39], [-11, -38], [9, -38], [-12, -37], [8, -37], [-13, -36], [11, -36], [-14, -35], [10, -35], [-15, -34], [13, -34], [-16, -33], [12, -33], [-17, -32], [15, -32], [-18, -31], [14, -31], [-19, -30], [17, -30], [-20, -29], [16, -29], [-21, -28], [19, -28], [-22, -27], [18, -27], [-23, -26], [21, -26], [-24, -25], [20, -25], [-25, -24], [23, -24], [-26, -23], [22, -23], [-27, -22], [25, -22], [-28, -21], [24, -21], [-29, -20], [27, -20], [-30, -19], [26, -19], [-31, -18], [29, -18], [-32, -17], [28, -17], [-33, -16], [31, -16], [-34, -15], [30, -15], [-35, -14], [33, -14], [-36, -13], [32, -13], [-37, -12], [35, -12], [-38, -11], [34, -11], [-39, -10], [37, -10], [-40, -9], [36, -9], [-41, -8], [39, -8], [-42, -7], [38, -7], [-43, -6], [41, -6], [-44, -5], [40, -5], [-45, -4], [43, -4], [-46, -3], [42, -3], [-47, -2], [45, -2], [-48, -1], [44, -1], [-49, 0], [47, 0], [-50, 1], [46, 1], [-47, 2], [45, 2], [-48, 3], [44, 3], [-45, 4], [43, 4], [-46, 5], [42, 5], [-43, 6], [41, 6], [-44, 7], [40, 7], [-41, 8], [39, 8], [-42, 9], [38, 9], [-39, 10], [37, 10], [-40, 11], [36, 11], [-37, 12], [35, 12], [-38, 13], [34, 13], [-35, 14], [33, 14], [-36, 15], [32, 15], [-33, 16], [31, 16], [-34, 17], [30, 17], [-31, 18], [29, 18], [-32, 19], [28, 19], [-29, 20], [27, 20], [-30, 21], [26, 21], [-27, 22], [25, 22], [-28, 23], [24, 23], [-25, 24], [23, 24], [-26, 25], [22, 25], [-23, 26], [21, 26], [-24, 27], [20, 27], [-21, 28], [19, 28], [-22, 29], [18, 29], [-19, 30], [17, 30], [-20, 31], [16, 31], [-17, 32], [15, 32], [-18, 33], [14, 33], [-15, 34], [13, 34], [-16, 35], [12, 35], [-13, 36], [11, 36], [-14, 37], [10, 37], [-11, 38], [9, 38], [-12, 39], [8, 39], [-9, 40], [7, 40], [-10, 41], [6, 41], [-7, 42], [5, 42], [-8, 43], [4, 43], [-5, 44], [3, 44], [-6, 45], [2, 45], [-3, 46], [1, 46], [-4, 47], [0, 47], [-1, 48], [-2, 49]]
[[-1, -49], [0, -48], [-3, -47], [1, -47], [-2, -46], [2, -46], [-5, -45], [3, -45], [-4, -44], [4, -44], [-7, -43], [5, -43], [-6, -42], [6, -42], [-9, -41], [7, -41], [-8, -40], [8, -40], [-11, -39], [9, -39], [-10, -38], [10, -38], [-13, -37], [11, -37], [-12, -36], [12, -36], [-15, -35], [13, -35], [-14, -34], [14, -34], [-17, -33], [15, -33], [-16, -32], [16, -32], [-19, -31], [17, -31], [-18, -30], [18, -30], [-21, -29], [19, -29], [-20, -28], [20, -28], [-23, -27], [21, -27], [-22, -26], [22, -26], [-25, -25], [23, -25], [-24, -24], [24, -24], [-27, -23], [25, -23], [-26, -22], [26, -22], [-29, -21], [27, -21], [-28, -20], [28, -20], [-31, -19], [29, -19], [-30, -18], [30, -18], [-33, -17], [31, -17], [-32, -16], [32, -16], [-35, -15], [33, -15], [-34, -14], [34, -14], [-37, -13], [35, -13], [-36, -12], [36, -12], [-39, -11], [37, -11], [-38, -10], [38, -10], [-41, -9], [39, -9], [-40, -8], [40, -8], [-43, -7], [41, -7], [-42, -6], [42, -6], [-45, -5], [43, -5], [-44, -4], [44, -4], [-47, -3], [45, -3], [-46, -2], [46, -2], [-49, -1], [47, -1], [-48, 0], [48, 0], [-51, 1], [45, 1], [-50, 2], [46, 2], [-49, 3], [43, 3], [-48, 4], [44, 4], [-47, 5], [41, 5], [-46, 6], [42, 6], [-45, 7], [39, 7], [-44, 8], [40, 8], [-43, 9], [37, 9], [-42, 10], [38, 10], [-41, 11], [35, 11], [-40, 12], [36, 12], [-39, 13], [33, 13], [-38, 14], [34, 14], [-37, 15], [31, 15], [-36, 16], [32, 16], [-35, 17], [29, 17], [-34, 18], [30, 18], [-33, 19], [27, 19], [-32, 20], [28, 20], [-31, 21], [25, 21], [-30, 22], [26, 22], [-29, 23], [23, 23], [-28, 24], [24, 24], [-27, 25], [21, 25], [-26, 26], [22, 26], [-25, 27], [19, 27], [-24, 28], [20, 28], [-23, 29], [17, 29], [-22, 30], [18, 30], [-21, 31], [15, 31], [-20, 32], [16, 32], [-19, 33], [13, 33], [-18, 34], [14, 34], [-17, 35], [11, 35], [-16, 36], [12, 36], [-15, 37], [9, 37], [-14, 38], [10, 38], [-13, 39], [7, 39], [-12, 40], [8, 40], [-11, 41], [5, 41], [-10, 42], [6, 42], [-9, 43], [3, 43], [-8, 44], [4, 44], [-7, 45], [1, 45], [-6, 46], [2, 46], [-5, 47], [-1, 47], [-4, 48], [0, 48], [-3, 49], [-2, 50]]
['up-left']